-7.25
0.66
-8.44
5.82
-7.62
7.57
-7.6
8.56
1.15
6.34
3.65
1.56
8.56
-0.82
8.62
-8.59
3.03
-2.96
8.01
8.27
-7.42
5.24
-7.62
8.4
7.68
-3.56
-8.35
3.02
-8.49
-8.47
-8.38
1.14
-5.02
-7.38
8.58
4.9
1.78
-6.41
-5.03
3.42
-8.64
4.13
3.56
-8.6
-6.32
8.57
-6.4
-0.62
0.58
8.36
-6.1
8.65
-5.68
5.7
-3.24
8.04
-6.02
-8.58
-6.14
8.66
-3.26
4.55
-5.78
8.35
1.45
-8.61
1.52
-1.06
0.35
0.75
-1.12
8.6
-8.58
-4.63
4.64
6.29
8.5
-8.6
1.33
6.17
3.66
8.18
6.66
8.65
-5.8
2.83
-0.82
-8.56
-3.03
8.15
8.66
3.26
0.27
-8.54
8.57
-2.41
2.76
7.34
-2.32
-2.56
1.65
-0.84
-4.99
8.61
-7.52
8.59
8.42
7.52
-8.4
-2.74
8.38
8.44
8.31
-8.51
-7.6
-2.8
-8.45
8.55
4.78
8.55
-2.5
-8.5
8.31
-8.33
-2.79
8.29
-8.47
8.54
-1.92
2.15
2.97
2.6
1.22
-8.52
8.5
-2.9
8.43
6.9
8.92
-7.42
-1.12
8.01
7.83
-1.17
-1.13
-1.11
-5.16
7.86
-7.62
-8.66
-5.15
7.02
1.77
8.6
-5.53
4.24
6.43
2.82
1.45
-8.61
3.43
8.49
2.29
4.27
-8.18
-6.69
7.19
7.75
-0.4
-8.61
7.87
-8.51
8.5
1
6.05
3
4.73
-4.33
8.59
8.61
-3.89
5.61
-8.41
5.97
-6.36
5.02
-0.91
2.56
8.44
8.04
-3.82
-5.74
-0.86
8.45
-8.38
-7.14
-6.38
-8.54
-6.75
-5.18
-8.15
-8.4
-8.06
-8.42
-8.61
-8.6
-1.94
-8.58
-5.65
8.49
1.58
-7.78
-4.44
6.01
-6.1
7.68
1.55
-8.24
7.74
8.49
-8.55
4.14
-8.45
5.29
2.55
8.5
8.63
-3.46
4.53
6.41
-8.66
1.12
3.66
0.61
-1.12
-2.56
4.67
8.66
-6.54
-5.15
-6.09
3.73
-3.8
8.62
-8.5
2.88
8.67
5.96
-0.84
-0.82
-0.8
-3.02
8.52
8.41
8.33
6.33
-4.67
3.01
-2.03
-2
-1.99
4.44
4.31
4.28
5.25
-5.99
5.95
0.32
8.7
-7
2.29
6.24
-8.82
5.93
8.15
2.29
-8.34
-0.11
8.55
0.29
-6.75
4.18
-5.07
-3.72
-6.53
8.69
2.6
-4.24
-3.04
8.61
7.14
-4.65
3.76
-2.04
4.73
-5.81
5.54
8.52
-8.49
-7.35
-5.25
7.72
1.66
-8.2
7.19
-3.9
-5.4
6.59
-2.15
4.96
6.87
8.32
-5.8
-7.03
5.69
-4.02
-6.62
7.14
-2.57
4.96
-4.89
-2.39
-5.62
-4.05
5.01
-7.63
4.92
8.59
5.04
7.94
8.63
-8.49
0.5
8.15
-0.81
-5.96
-0.95
-8.03
7.65
-5.56
-2.37
5.56
-0.5
8.5
-6.83
-7.52
8.69
3.24
2.54
-7.29
3.76
2.7
1.8
7.35
-8.72
2.3
-8.87
7.32
-8.03
-3.67
2.32
-4.62
-1.47
-0.72
8.41
-0.57
8.65
-4.2
1.98
6.36
2.32
6.93
8.69
5.72
8.34
0.2
2.91
-7.38
-3.06
8.4
-5.67
-3.12
-8.21
-0.54
-7.93
6.21
8.26
8.48
3.55
8.82
-1.26
-7.15
-4.5
8.39
-5.05
7.68
-3.96
-8.56
8.45
-1.32
-1.72
-8.42
-7.16
-7.76
-0.29
8.67
8.72
-8.02
-6.89
8.82
2.35
8.75
-8.63
7.14
7.5
-3.36
6.49
-1.86
3.18
-8.51
8.58
-8.27
-2.29
-4.38
1.87
6.18
-2.67
4.22
-0.78
-2.21
8.62
1.64
-7.02
-2.08
8.34
0.23
-6.94
8.72
3.85
-0.97
4.53
3.83
-6.22
-6.43
-8.5
-8.45
4.89
1.68
-3.32
-1.67
-0.34
2.05
-4.57
6.65
-6.72
-8.43
-1.63
7.82
4.26
5.53
8.19
-4.63
8.64
-7.89
7.97
-1.03
-8.75
6.72
-7.47
-3.13
-1.36
-4.37
-7.86
-3.47
6.04
3.08
6.08
5.96
-4.74
-8.71
7.01
-3.03
-4.16
8.89
-5.92
4.37
4.38
4.56
-7.56
-7.12
-7.02
8.14
-8.74
-5.76
1.92
0.1
-8.87
8.34
8.82
-4.64