+8.66
-8.35
-8.76
-4.63
-8.84
+3.91
-5.57
-7.43
+2.68
+8.24
+3.90
-7.24
+8.34
-5.76
+1.30
-8.68
+4.71
+7.63
-3.62
-3.71
+2.38
-8.22
+7.74
-7.45
-2.20
-8.52
+2.76
+1.74
-3.02
+8.26
+7.93
+7.51
-4.43
+8.30
-7.94
+2.15
-8.15
+7.53
+1.51
+2.65
+8.42
+3.28
-7.61
-8.72
+6.82
+4.85
+6.75
-8.53
-2.09
+5.14
+8.46
-8.28
-3.76
-2.74
+2.53
+2.96
+2.96
+2.18
+7.71
-2.49
+6.55
+8.14
-7.38
+6.45
+7.88
-5.77
-8.61
-2.34
-7.29
+7.26
-4.36
-8.84
-8.70
-7.89
-2.84
+8.34
+8.63
+5.99
-1.33
-2.81
-8.04
+3.13
-4.78
-3.99
-2.46
-2.32
-8.22
+7.34
-6.58
+7.92
+7.02
-7.15
+3.04
-7.75
-4.20
+5.53
-6.20
+1.69
-8.45
-2.36
+8.63
+2.89
-7.35
+4.50
+4.32
+8.39
-4.25
-4.96
+2.79
-8.36
-8.06
+8.03
-8.68
-8.43
-2.56
+8.34
-1.56
+1.45
+8.36
+5.98
-5.93
+1.10
+3.16
+8.20
+3.19
-1.15
+4.90
-3.12
+8.39
-4.35
+8.32
+6.31
+8.32
+3.72
-7.55
+8.29
+8.65
+4.26
-6.36
-8.69
-8.08
-7.38
+8.32
-5.09
-8.17
+2.28
-7.96
-6.29
-5.54
+5.66
-8.54
+2.75
-6.16
-6.35
+7.22
+6.64
-5.99
-6.98
-8.55
+7.83
+2.81
+4.02
-3.94
-4.79
+8.57
-6.55
+6.75
-4.10
-5.43
+8.70
+3.68
+4.89
+2.71
-3.30
+6.99
+4.05
+8.28
-5.30
+7.58
+5.11
-8.18
+1.22
-6.90
+7.72
-2.11
-3.76
-2.11
-7.47
+8.21
-7.31
-2.39
+1.64
-6.44
-8.13
-8.22
+8.05
+4.17
+1.21
+6.30
+6.12
-8.72
+6.04
-7.54
-4.02
-4.95
-8.00
-5.24
+2.20
+3.26
+1.02
+8.53
-5.45
+7.98
+3.07
-6.43
+0.54
-8.18
+5.78
+6.02
+4.55
-8.81
-3.96
-7.28
+3.58
+7.89
-8.44
-5.48
+5.12
+2.53
-1.84
+5.17
-8.46
+8.49
-8.49
-3.52
-6.31
-7.63
-3.37
-4.21
+8.36
-4.59
-3.83
-3.30
+6.99
-1.31
+8.37
+8.52
-2.82
+8.31
-4.69
+2.65
-8.39
-2.27
-6.38
+2.51
+8.48
+8.51
+4.97
+7.74
-8.32
+0.29
-3.08
+3.89
+8.17
+5.96
-6.96
+7.85
+2.31
-8.43
-3.43
+6.94
-5.81
-2.88
-6.93
+8.01
-2.63
-8.39
+6.23
+7.18
+4.13
-1.61
+8.38
-0.50
-6.69
-7.61
+8.31
+8.43
+2.99
-7.55
+8.02
-4.83
+1.54
+7.37
-0.99
+3.09
-5.86
-4.40
-6.04
+8.53
-2.96
-7.24
+2.44
-3.44
-8.45
-6.96
-3.91
+6.14
+6.84
-7.71
-8.51
+5.17
+8.65
+2.76
+2.81
-6.61
-2.07
-8.51
+8.45
+6.99
+2.48
+6.10
+2.95
+0.61
+6.75
+3.84
+8.41
+8.66
-6.94
-8.64
-1.18
+2.61
+7.74
+6.54
+8.62
-2.74
+1.52
+4.29
+5.17
+2.62
+8.49
-2.87
-6.07
-8.43
-2.96
+7.44
-8.39
+8.53
+6.13
+3.59
+8.44
-7.17
-2.54
-8.42
+1.41
+8.33
+8.32
+8.15
+1.12
-8.23
+7.54
+0.86
+8.03
+2.34
+8.25
-6.52
-7.63
-4.34
+8.46
-1.36
+2.26
-8.04
-0.20
+3.12
-1.45
+5.86
-2.96
+7.31
-1.22
-8.42
+3.94
+3.17
+8.38
+8.19
+3.19
+1.69
+4.54
-8.34
+4.21
-8.64
-5.96
+8.35
-8.58
+8.35
-3.09
-1.43
+0.45
-6.79
-4.16
-5.52
-2.78
-0.90
-8.45
+8.24
+2.24
+7.84
+7.70
+7.75
+6.61
+7.04
+5.51
+4.93
+8.33
-5.66
-8.36
+3.29
-7.50
-8.42
+6.64
-5.28
-4.04
-8.52
+3.42
+6.38
+2.60
+4.30
-2.82
+8.19
-8.66
+4.87
+8.02
+8.21
-8.21
-3.42
-2.85
+8.26
-7.66
+0.42
-2.82
+8.17
+7.37
+4.55
-2.27
+0.29
+3.04
-7.47
-7.43
+2.53
+0.42
+5.66
-1.18
-8.34
-5.57
-7.17
+8.52
+6.12
+5.78
-8.42
-2.96
-3.71
-8.22
+7.18
+2.20
+6.94
-8.53
+8.65
+2.31
-8.72
-7.47
-2.78
+3.19
-4.83
+3.12
-3.76
+8.44
+2.24
-3.12
+7.72
-7.94
-5.43
-6.98
+7.22
+1.21
+3.19
-1.56
+7.63
-8.55
-8.76
+8.46
+2.76
-2.87
-8.58
-6.43
+6.61
-2.74
-7.50
-0.99
+6.64
-8.42
+2.71
-8.04